0,442
0,441
0,440
0,439
0,438
0,437
0,436
0,435
0,434
55,3
55,2
0,433
55,1
55,0
0,432
0,431
54,5
0,430
0,429
0,428
54,4
0,427
0,426
54,3
54,2
0,425
54,1
54,0
0,424
0,423
0,422
53,4
53,3
53,2
53,1
53,0
52,3
52,2
52,1
52,0
51,4
51,3
51,2
51,1
51,0
50,3
50,2
50,1
50,0
0,421
37,0
0,420
0,278
0,9
3,2
3,1
3,3
10,155
10,207
10,139
10,275
10,69
10,89
10,81
11,19
9,2
9,3
8,15
8,18
8,4
8,2
8,3
42,3
42,2
42,1
42,0
41,5
41,4
41,3
41,2
41,1
41,0
40,4
40,3
40,2
40,1
40,0
39,3
39,2
39,1
39,0
38,4
38,3
38,2
38,1
38,0
37,3
